12 6
[[1.28234   1.078596  0.741998  1.261908  1.306864  0.4840268]
 [0.5730402 1.351157  0.5506628 0.9053366 0.703778  1.007221 ]
 [1.153083  0.2606673 0.5448904 0.9278263 0.4386332 0.8109156]
 [1.007034  0.9695987 1.009847  0.9337364 1.088989  1.10132  ]
 [1.20138   0.931281  0.9856869 0.4318919 0.2801149 0.7616965]
 [0.7822646 0.4366677 0.9995351 0.8414004 1.376705  1.092133 ]
 [1.473845  1.035943  0.5071425 1.072034  1.229546  0.5780764]
 [1.385379  1.3454    0.6772496 0.659111  1.221816  1.245165 ]
 [0.8252624 0.5222782 1.432701  0.7241778 1.142216  1.146353 ]
 [0.5107484 0.4177451 1.121533  0.9093947 1.049319  0.6178223]
 [1.425045  0.9308008 0.27317   0.3482773 0.8249618 0.4891399]
 [1.072013  1.362695  0.4085636 1.385689  0.9029312 1.223283 ]]