12 6
[[0.5890738 1.227021  0.5165938 0.7590399 0.8947532 1.120242 ]
 [1.464075  0.3107069 1.125894  0.5980703 0.9197531 1.071654 ]
 [0.9903381 1.38887   1.335359  0.9095563 0.3554671 1.071015 ]
 [1.406088  0.3756801 1.092726  1.393741  0.5943235 0.3373636]
 [0.4284883 1.170487  0.9807712 0.7105864 0.9968565 0.9613002]
 [0.7383365 0.4781298 1.422931  1.234244  1.088781  0.6120102]
 [1.392106  1.338934  1.266072  0.2713535 0.6436505 0.5368584]
 [1.119192  1.316789  1.060719  1.009892  1.26408   1.316454 ]
 [1.058425  1.123175  1.436618  1.055502  0.5166022 1.418447 ]
 [0.9191105 0.4194478 0.4241856 1.252725  0.4399755 0.3593538]
 [1.076061  1.4178    0.9610251 0.5183525 0.9992693 1.295844 ]
 [0.8448229 0.4019395 0.4044057 0.4675291 0.5933295 0.9026293]]