12 6
[[0.6191226 0.7912872 1.112866  0.3635208 0.4999652 0.7193814]
 [1.086668  1.045402  0.4571823 1.070972  1.358276  1.408269 ]
 [0.428456  1.130688  1.460081  0.985581  0.340588  0.7219313]
 [0.5814387 0.9352121 1.051148  1.269319  0.5001683 0.7608501]
 [1.015827  0.7489209 0.4163905 0.5385498 1.147768  0.6078373]
 [0.3512924 0.326113  0.4592411 1.071826  1.290456  1.05595  ]
 [0.4002058 0.4489968 0.4775799 0.519036  0.2745865 1.263379 ]
 [0.9425558 1.302158  1.464178  1.055361  0.8893929 0.7749285]
 [1.400519  1.315578  0.7369835 0.6822483 1.242925  1.075027 ]
 [0.6693784 0.3563953 0.2992793 0.2941332 1.435188  1.24265  ]
 [0.6377718 0.8916045 0.8428241 0.4757468 0.3092764 0.7467438]
 [0.7493262 0.5731188 0.4442801 1.301558  1.352304  1.075277 ]]